test1: 458000
test2: 70000
test3: 240000 + Bob
test3: 160000 + John
test3: 30000 + May
test3: 28000 + Sally
test4: 60000 + Bob
test4: 40000 + John
test4: 30000 + May
test4: 28000 + Sally
test5: 14312.5
test6: 14000.0
test7: 15000.0 + Bob
test7: 13333.3333333333 + John
test7: 15000.0 + May
test7: 14000.0 + Sally
test8: 15000.0 + Bob
test8: 13333.3333333333 + John
test8: 15000.0 + May
test8: 14000.0 + Sally
test9: 32
test10: 5
test11: 16 + Bob
test11: 12 + John
test11: 2 + May
test11: 2 + Sally
test12: 4 + Bob
test12: 3 + John
test12: 2 + May
test12: 2 + Sally
test13: 40000
test14: 30000 + Bob
test14: 40000 + John
test14: 30000 + May
test14: 28000 + Sally
test15: 13333.3333333333
test16: 15000.0 + Bob
test16: 13333.3333333333 + John
test16: 15000.0 + May
test16: 14000.0 + Sally
test17: 3
test18: 2 + Bob
test18: 3 + John
test18: 2 + May
test18: 2 + Sally
